<!DOCTYPE html>

<html>

<head>

<meta charset="utf-8" />
<meta name="generator" content="pandoc" />
<meta http-equiv="X-UA-Compatible" content="IE=EDGE" />




<title>HomePage</title>

<script src="site_libs/header-attrs-2.14/header-attrs.js"></script>
<script src="site_libs/jquery-3.6.0/jquery-3.6.0.min.js"></script>
<meta name="viewport" content="width=device-width, initial-scale=1" />
<link href="site_libs/bootstrap-3.3.5/css/cosmo.min.css" rel="stylesheet" />
<script src="site_libs/bootstrap-3.3.5/js/bootstrap.min.js"></script>
<script src="site_libs/bootstrap-3.3.5/shim/html5shiv.min.js"></script>
<script src="site_libs/bootstrap-3.3.5/shim/respond.min.js"></script>
<style>h1 {font-size: 34px;}
       h1.title {font-size: 38px;}
       h2 {font-size: 30px;}
       h3 {font-size: 24px;}
       h4 {font-size: 18px;}
       h5 {font-size: 16px;}
       h6 {font-size: 12px;}
       code {color: inherit; background-color: rgba(0, 0, 0, 0.04);}
       pre:not([class]) { background-color: white }</style>
<script src="site_libs/jqueryui-1.11.4/jquery-ui.min.js"></script>
<link href="site_libs/tocify-1.9.1/jquery.tocify.css" rel="stylesheet" />
<script src="site_libs/tocify-1.9.1/jquery.tocify.js"></script>
<script src="site_libs/navigation-1.1/tabsets.js"></script>
<link href="site_libs/highlightjs-9.12.0/default.css" rel="stylesheet" />
<script src="site_libs/highlightjs-9.12.0/highlight.js"></script>
<script src="site_libs/htmlwidgets-1.5.4/htmlwidgets.js"></script>
<script src="site_libs/plotly-binding-4.10.0/plotly.js"></script>
<script src="site_libs/typedarray-0.1/typedarray.min.js"></script>
<link href="site_libs/crosstalk-1.1.1/css/crosstalk.css" rel="stylesheet" />
<script src="site_libs/crosstalk-1.1.1/js/crosstalk.min.js"></script>
<link href="site_libs/plotly-htmlwidgets-css-2.5.1/plotly-htmlwidgets.css" rel="stylesheet" />
<script src="site_libs/plotly-main-2.5.1/plotly-latest.min.js"></script>

<style type="text/css">
  code{white-space: pre-wrap;}
  span.smallcaps{font-variant: small-caps;}
  span.underline{text-decoration: underline;}
  div.column{display: inline-block; vertical-align: top; width: 50%;}
  div.hanging-indent{margin-left: 1.5em; text-indent: -1.5em;}
  ul.task-list{list-style: none;}
    </style>

<style type="text/css">code{white-space: pre;}</style>
<script type="text/javascript">
if (window.hljs) {
  hljs.configure({languages: []});
  hljs.initHighlightingOnLoad();
  if (document.readyState && document.readyState === "complete") {
    window.setTimeout(function() { hljs.initHighlighting(); }, 0);
  }
}
</script>









<style type = "text/css">
.main-container {
  max-width: 940px;
  margin-left: auto;
  margin-right: auto;
}
img {
  max-width:100%;
}
.tabbed-pane {
  padding-top: 12px;
}
.html-widget {
  margin-bottom: 20px;
}
button.code-folding-btn:focus {
  outline: none;
}
summary {
  display: list-item;
}
details > summary > p:only-child {
  display: inline;
}
pre code {
  padding: 0;
}
</style>


<style type="text/css">
.dropdown-submenu {
  position: relative;
}
.dropdown-submenu>.dropdown-menu {
  top: 0;
  left: 100%;
  margin-top: -6px;
  margin-left: -1px;
  border-radius: 0 6px 6px 6px;
}
.dropdown-submenu:hover>.dropdown-menu {
  display: block;
}
.dropdown-submenu>a:after {
  display: block;
  content: " ";
  float: right;
  width: 0;
  height: 0;
  border-color: transparent;
  border-style: solid;
  border-width: 5px 0 5px 5px;
  border-left-color: #cccccc;
  margin-top: 5px;
  margin-right: -10px;
}
.dropdown-submenu:hover>a:after {
  border-left-color: #adb5bd;
}
.dropdown-submenu.pull-left {
  float: none;
}
.dropdown-submenu.pull-left>.dropdown-menu {
  left: -100%;
  margin-left: 10px;
  border-radius: 6px 0 6px 6px;
}
</style>

<script type="text/javascript">
// manage active state of menu based on current page
$(document).ready(function () {
  // active menu anchor
  href = window.location.pathname
  href = href.substr(href.lastIndexOf('/') + 1)
  if (href === "")
    href = "index.html";
  var menuAnchor = $('a[href="' + href + '"]');

  // mark it active
  menuAnchor.tab('show');

  // if it's got a parent navbar menu mark it active as well
  menuAnchor.closest('li.dropdown').addClass('active');

  // Navbar adjustments
  var navHeight = $(".navbar").first().height() + 15;
  var style = document.createElement('style');
  var pt = "padding-top: " + navHeight + "px; ";
  var mt = "margin-top: -" + navHeight + "px; ";
  var css = "";
  // offset scroll position for anchor links (for fixed navbar)
  for (var i = 1; i <= 6; i++) {
    css += ".section h" + i + "{ " + pt + mt + "}\n";
  }
  style.innerHTML = "body {" + pt + "padding-bottom: 40px; }\n" + css;
  document.head.appendChild(style);
});
</script>

<!-- tabsets -->

<style type="text/css">
.tabset-dropdown > .nav-tabs {
  display: inline-table;
  max-height: 500px;
  min-height: 44px;
  overflow-y: auto;
  border: 1px solid #ddd;
  border-radius: 4px;
}

.tabset-dropdown > .nav-tabs > li.active:before {
  content: "";
  font-family: 'Glyphicons Halflings';
  display: inline-block;
  padding: 10px;
  border-right: 1px solid #ddd;
}

.tabset-dropdown > .nav-tabs.nav-tabs-open > li.active:before {
  content: "&#xe258;";
  border: none;
}

.tabset-dropdown > .nav-tabs.nav-tabs-open:before {
  content: "";
  font-family: 'Glyphicons Halflings';
  display: inline-block;
  padding: 10px;
  border-right: 1px solid #ddd;
}

.tabset-dropdown > .nav-tabs > li.active {
  display: block;
}

.tabset-dropdown > .nav-tabs > li > a,
.tabset-dropdown > .nav-tabs > li > a:focus,
.tabset-dropdown > .nav-tabs > li > a:hover {
  border: none;
  display: inline-block;
  border-radius: 4px;
  background-color: transparent;
}

.tabset-dropdown > .nav-tabs.nav-tabs-open > li {
  display: block;
  float: none;
}

.tabset-dropdown > .nav-tabs > li {
  display: none;
}
</style>

<!-- code folding -->



<style type="text/css">

#TOC {
  margin: 25px 0px 20px 0px;
}
@media (max-width: 768px) {
#TOC {
  position: relative;
  width: 100%;
}
}

@media print {
.toc-content {
  /* see https://github.com/w3c/csswg-drafts/issues/4434 */
  float: right;
}
}

.toc-content {
  padding-left: 30px;
  padding-right: 40px;
}

div.main-container {
  max-width: 1200px;
}

div.tocify {
  width: 20%;
  max-width: 260px;
  max-height: 85%;
}

@media (min-width: 768px) and (max-width: 991px) {
  div.tocify {
    width: 25%;
  }
}

@media (max-width: 767px) {
  div.tocify {
    width: 100%;
    max-width: none;
  }
}

.tocify ul, .tocify li {
  line-height: 20px;
}

.tocify-subheader .tocify-item {
  font-size: 0.90em;
}

.tocify .list-group-item {
  border-radius: 0px;
}


</style>



</head>

<body>


<div class="container-fluid main-container">


<!-- setup 3col/9col grid for toc_float and main content  -->
<div class="row">
<div class="col-xs-12 col-sm-4 col-md-3">
<div id="TOC" class="tocify">
</div>
</div>

<div class="toc-content col-xs-12 col-sm-8 col-md-9">




<div class="navbar navbar-default  navbar-fixed-top" role="navigation">
  <div class="container">
    <div class="navbar-header">
      <button type="button" class="navbar-toggle collapsed" data-toggle="collapse" data-bs-toggle="collapse" data-target="#navbar" data-bs-target="#navbar">
        <span class="icon-bar"></span>
        <span class="icon-bar"></span>
        <span class="icon-bar"></span>
      </button>
      <a class="navbar-brand" href="index.html">HomePage</a>
    </div>
    <div id="navbar" class="navbar-collapse collapse">
      <ul class="nav navbar-nav">
        <li>
  <a href="index.html">Math 1</a>
</li>
<li>
  <a href="about.html">Math 2</a>
</li>
      </ul>
      <ul class="nav navbar-nav navbar-right">
        
      </ul>
    </div><!--/.nav-collapse -->
  </div><!--/.container -->
</div><!--/.navbar -->

<div id="header">



<h1 class="title toc-ignore">HomePage</h1>

</div>


<div id="welcome" class="section level1">
<h1>Welcome:</h1>
<p>Hi I am creating this rmd markdown to simulate making a homepage. You
can do whatever you want and be as creative as possible. Let me Simulate
data and make a pretty plot</p>
<div id="simulate-data" class="section level3">
<h3>Simulate Data</h3>
<pre><code>## Warning: package &#39;plotly&#39; was built under R version 4.1.3</code></pre>
<pre><code>## Loading required package: ggplot2</code></pre>
<pre><code>## 
## Attaching package: &#39;plotly&#39;</code></pre>
<pre><code>## The following object is masked from &#39;package:ggplot2&#39;:
## 
##     last_plot</code></pre>
<pre><code>## The following object is masked from &#39;package:stats&#39;:
## 
##     filter</code></pre>
<pre><code>## The following object is masked from &#39;package:graphics&#39;:
## 
##     layout</code></pre>
<div id="htmlwidget-d497945f6d92dc399409" style="width:672px;height:480px;" class="plotly html-widget"></div>
<script type="application/json" data-for="htmlwidget-d497945f6d92dc399409">{"x":{"visdat":{"238421aa59a":["function () ","plotlyVisDat"]},"cur_data":"238421aa59a","attrs":{"238421aa59a":{"z":{},"alpha_stroke":1,"sizes":[10,100],"spans":[1,20],"type":"surface","inherit":true}},"layout":{"margin":{"b":40,"l":60,"t":25,"r":10},"scene":{"zaxis":{"title":"res"}},"hovermode":"closest","showlegend":false,"legend":{"yanchor":"top","y":0.5}},"source":"A","config":{"modeBarButtonsToAdd":["hoverclosest","hovercompare"],"showSendToCloud":false},"data":[{"colorbar":{"title":"res","ticklen":2,"len":0.5,"lenmode":"fraction","y":1,"yanchor":"top"},"colorscale":[["0","rgba(68,1,84,1)"],["0.0416666666666667","rgba(70,19,97,1)"],["0.0833333333333333","rgba(72,32,111,1)"],["0.125","rgba(71,45,122,1)"],["0.166666666666667","rgba(68,58,128,1)"],["0.208333333333333","rgba(64,70,135,1)"],["0.25","rgba(60,82,138,1)"],["0.291666666666667","rgba(56,93,140,1)"],["0.333333333333333","rgba(49,104,142,1)"],["0.375","rgba(46,114,142,1)"],["0.416666666666667","rgba(42,123,142,1)"],["0.458333333333333","rgba(38,133,141,1)"],["0.5","rgba(37,144,140,1)"],["0.541666666666667","rgba(33,154,138,1)"],["0.583333333333333","rgba(39,164,133,1)"],["0.625","rgba(47,174,127,1)"],["0.666666666666667","rgba(53,183,121,1)"],["0.708333333333333","rgba(79,191,110,1)"],["0.75","rgba(98,199,98,1)"],["0.791666666666667","rgba(119,207,85,1)"],["0.833333333333333","rgba(147,214,70,1)"],["0.875","rgba(172,220,52,1)"],["0.916666666666667","rgba(199,225,42,1)"],["0.958333333333333","rgba(226,228,40,1)"],["1","rgba(253,231,37,1)"]],"showscale":true,"z":[[3.21408403718971e-06,3.91752109822229e-06,4.74186872166605e-06,5.69995956449911e-06,6.80421596012514e-06,8.06619041339657e-06,9.49604833691972e-06,1.11020052764101e-05,1.28897355790431e-05,1.48617740170699e-05,1.70169359562755e-05,1.93497848991313e-05,2.18501782820052e-05,2.45029229422816e-05,2.72875704349673e-05,3.0178379202322e-05,3.3144465436485e-05,3.61501574149851e-05,3.91555593722571e-05,4.21173209837202e-05,4.49895978018586e-05,4.77251771200216e-05,5.0276733438604e-05,5.25981686758998e-05,5.4645985171118e-05,5.63806349465947e-05,5.77677870641453e-05,5.8779456476219e-05,5.93949425725652e-05,5.96015334692439e-05,5.93949425725652e-05,5.8779456476219e-05,5.77677870641453e-05,5.63806349465947e-05,5.4645985171118e-05,5.25981686758998e-05,5.0276733438604e-05,4.77251771200216e-05,4.49895978018586e-05,4.21173209837202e-05,3.91555593722571e-05,3.61501574149851e-05,3.3144465436485e-05,3.0178379202322e-05,2.72875704349673e-05,2.45029229422816e-05,2.18501782820052e-05,1.93497848991313e-05,1.70169359562755e-05,1.48617740170699e-05,1.28897355790431e-05,1.11020052764101e-05,9.49604833691972e-06,8.06619041339657e-06,6.80421596012514e-06,5.69995956449911e-06,4.74186872166605e-06,3.91752109822229e-06,3.21408403718971e-06,2.61870861989146e-06],[3.91752109822229e-06,4.77491296974167e-06,5.77967798824878e-06,6.94745737652323e-06,8.29339223001709e-06,9.83156344424305e-06,1.15743612423243e-05,1.35317992310307e-05,1.57107936498014e-05,1.81144340332153e-05,2.07412764770443e-05,2.35846946474647e-05,2.66323261710725e-05,2.98656526972564e-05,3.32597504176278e-05,3.67832439560669e-05,4.03984902492659e-05,4.40620104323993e-05,4.77251771200215e-05,5.13351523000597e-05,5.48360579717204e-05,5.81703484167626e-05,6.12803404380319e-05,6.41098468899587e-05,6.66058501781364e-05,6.87201468221651e-05,7.04108921866515e-05,7.16439763936501e-05,7.23941682804207e-05,7.26459738297078e-05,7.23941682804207e-05,7.16439763936501e-05,7.04108921866515e-05,6.87201468221651e-05,6.66058501781364e-05,6.41098468899587e-05,6.12803404380319e-05,5.81703484167626e-05,5.48360579717204e-05,5.13351523000597e-05,4.77251771200215e-05,4.40620104323993e-05,4.03984902492659e-05,3.67832439560669e-05,3.32597504176278e-05,2.98656526972564e-05,2.66323261710725e-05,2.35846946474647e-05,2.07412764770443e-05,1.81144340332153e-05,1.57107936498014e-05,1.35317992310307e-05,1.15743612423243e-05,9.83156344424305e-06,8.29339223001709e-06,6.94745737652323e-06,5.77967798824878e-06,4.77491296974167e-06,3.91752109822229e-06,3.19184133016366e-06],[4.74186872166605e-06,5.77967798824878e-06,6.99587151839852e-06,8.40938185215977e-06,1.00385361625421e-05,1.19003783291651e-05,1.40099057981198e-05,1.6379239297679e-05,1.90167504226969e-05,2.19261788256264e-05,2.51057767674959e-05,2.85475235626955e-05,3.22364554751534e-05,3.61501574149851e-05,4.02584609607684e-05,4.45233885468631e-05,4.88993760371714e-05,5.3333795490707e-05,5.77677870641453e-05,6.21373942629379e-05,6.63749809116695e-05,7.04108921866516e-05,7.41753068561679e-05,7.76002145479816e-05,8.06214413964487e-05,8.31806406638612e-05,8.52271625227473e-05,8.67197194958292e-05,8.76277711320385e-05,8.79325630726992e-05,8.76277711320385e-05,8.67197194958292e-05,8.52271625227473e-05,8.31806406638612e-05,8.06214413964487e-05,7.76002145479816e-05,7.41753068561679e-05,7.04108921866516e-05,6.63749809116695e-05,6.21373942629379e-05,5.77677870641453e-05,5.3333795490707e-05,4.88993760371714e-05,4.45233885468631e-05,4.02584609607684e-05,3.61501574149851e-05,3.22364554751534e-05,2.85475235626955e-05,2.51057767674959e-05,2.19261788256264e-05,1.90167504226969e-05,1.6379239297679e-05,1.40099057981198e-05,1.19003783291651e-05,1.00385361625421e-05,8.40938185215977e-06,6.99587151839852e-06,5.77967798824878e-06,4.74186872166605e-06,3.86348718706127e-06],[5.69995956449911e-06,6.94745737652323e-06,8.40938185215977e-06,1.01084908362672e-05,1.20668144927362e-05,1.43048404036478e-05,1.68405962372715e-05,1.96886517054869e-05,2.28590698772992e-05,2.6356345998996e-05,3.0178379202322e-05,3.43155282284531e-05,3.87498059302222e-05,4.3454268266477e-05,4.83926513099927e-05,5.35193041578842e-05,5.8779456476219e-05,6.41098468899587e-05,6.94397229707644e-05,7.46922058647048e-05,7.97859935603593e-05,8.46373575317392e-05,8.91623692222171e-05,9.32792768173774e-05,9.69109401725347e-05,9.99872236375526e-05,0.000102447243627186,0.00010424137056187,0.000105332893316438,0.000105699268228803,0.000105332893316438,0.00010424137056187,0.000102447243627186,9.99872236375526e-05,9.69109401725347e-05,9.32792768173774e-05,8.91623692222171e-05,8.46373575317392e-05,7.97859935603593e-05,7.46922058647048e-05,6.94397229707644e-05,6.41098468899587e-05,5.8779456476219e-05,5.35193041578842e-05,4.83926513099927e-05,4.3454268266477e-05,3.87498059302222e-05,3.43155282284531e-05,3.0178379202322e-05,2.6356345998996e-05,2.28590698772992e-05,1.96886517054869e-05,1.68405962372715e-05,1.43048404036478e-05,1.20668144927362e-05,1.01084908362672e-05,8.40938185215977e-06,6.94745737652323e-06,5.69995956449911e-06,4.64410173221167e-06],[6.80421596012514e-06,8.29339223001709e-06,1.00385361625421e-05,1.20668144927362e-05,1.44045253006211e-05,1.70761252391615e-05,2.01031344870138e-05,2.35029453545942e-05,2.72875704349673e-05,3.14623758410308e-05,3.60248537021319e-05,4.09634949529126e-05,4.62568277859949e-05,5.18726882758693e-05,5.77677870641453e-05,6.38876292726592e-05,7.01668338796569e-05,7.65298838480742e-05,8.28923198415467e-05,8.9162369222217e-05,9.5242979293932e-05,0.000101034200755928,0.000106435845524756,0.000111350323960676,0.000115685551515073,0.000119357805118574,0.000122294406174473,0.00012443611033664,0.000125739094412829,0.00012617644734453,0.000125739094412829,0.00012443611033664,0.000122294406174473,0.000119357805118574,0.000115685551515073,0.000111350323960676,0.000106435845524756,0.000101034200755928,9.5242979293932e-05,8.9162369222217e-05,8.28923198415467e-05,7.65298838480742e-05,7.01668338796569e-05,6.38876292726592e-05,5.77677870641453e-05,5.18726882758693e-05,4.62568277859949e-05,4.09634949529126e-05,3.60248537021319e-05,3.14623758410308e-05,2.72875704349673e-05,2.35029453545942e-05,2.01031344870138e-05,1.70761252391615e-05,1.44045253006211e-05,1.20668144927362e-05,1.00385361625421e-05,8.29339223001709e-06,6.80421596012514e-06,5.54380619181398e-06],[8.06619041339657e-06,9.83156344424305e-06,1.19003783291651e-05,1.43048404036478e-05,1.70761252391615e-05,2.02432254515847e-05,2.38316525561e-05,2.78620246060391e-05,3.23485821639572e-05,3.72976865929657e-05,4.27063648889249e-05,4.85609734060124e-05,5.48360579717205e-05,6.14934892337295e-05,6.84819489784938e-05,7.5736835190675e-05,8.31806406638612e-05,9.07238422547564e-05,9.8266315997088e-05,0.000105699268228803,0.000112907645939844,0.000119772962283764,0.00012617644734453,0.000132002411581847,0.000137141691572972,0.000141495036173689,0.00014497628712514,0.000147515212062625,0.000149059859928855,0.00014957832848506,0.000149059859928855,0.000147515212062625,0.00014497628712514,0.000141495036173689,0.000137141691572972,0.000132002411581847,0.00012617644734453,0.000119772962283764,0.000112907645939844,0.000105699268228803,9.8266315997088e-05,9.07238422547564e-05,8.31806406638612e-05,7.5736835190675e-05,6.84819489784938e-05,6.14934892337295e-05,5.48360579717205e-05,4.85609734060124e-05,4.27063648889249e-05,3.72976865929657e-05,3.23485821639572e-05,2.78620246060391e-05,2.38316525561e-05,2.02432254515847e-05,1.70761252391615e-05,1.43048404036478e-05,1.19003783291651e-05,9.83156344424305e-06,8.06619041339657e-06,6.57201309014831e-06],[9.49604833691972e-06,1.15743612423243e-05,1.40099057981198e-05,1.68405962372715e-05,2.01031344870138e-05,2.38316525561e-05,2.80561842732531e-05,3.2801002562991e-05,3.80828723494522e-05,4.3909282646471e-05,5.02767334386039e-05,5.71691625312361e-05,6.45566036032019e-05,7.23941682804207e-05,8.06214413964486e-05,8.9162369222217e-05,9.79257051914008e-05,0.000106806056788768,0.000115685551515073,0.00012443611033664,0.000132922285304829,0.000141004585933616,0.000148543188488892,0.000155401895656881,0.000161452193097372,0.000166577235854486,0.00017067559277562,0.000173664581715198,0.000175483042481617,0.000176093417667247,0.000175483042481617,0.000173664581715198,0.00017067559277562,0.000166577235854486,0.000161452193097372,0.000155401895656881,0.000148543188488892,0.000141004585933616,0.000132922285304829,0.00012443611033664,0.000115685551515073,0.000106806056788768,9.79257051914008e-05,8.9162369222217e-05,8.06214413964486e-05,7.23941682804207e-05,6.45566036032019e-05,5.71691625312361e-05,5.02767334386039e-05,4.3909282646471e-05,3.80828723494522e-05,3.2801002562991e-05,2.80561842732531e-05,2.38316525561e-05,2.01031344870138e-05,1.68405962372715e-05,1.40099057981198e-05,1.15743612423243e-05,9.49604833691972e-06,7.73700480356479e-06],[1.11020052764101e-05,1.35317992310307e-05,1.6379239297679e-05,1.96886517054869e-05,2.35029453545942e-05,2.78620246060391e-05,3.2801002562991e-05,3.8348257149246e-05,4.45233885468631e-05,5.13351523000598e-05,5.8779456476219e-05,6.68375224673307e-05,7.54743160945561e-05,8.46373575317391e-05,9.42560142933618e-05,0.00010424137056187,0.000114486748293424,0.000124868931154376,0.000135250112231564,0.000145480551964149,0.000155401895656881,0.000164851062409484,0.000173664581715198,0.000181683222782168,0.000188756737124659,0.000194748519149408,0.000199539983824892,0.000203034465929549,0.000205160461955206,0.000205874062843809,0.000205160461955206,0.000203034465929549,0.000199539983824892,0.000194748519149408,0.000188756737124659,0.000181683222782168,0.000173664581715198,0.000164851062409484,0.000155401895656881,0.000145480551964149,0.000135250112231564,0.000124868931154376,0.000114486748293424,0.00010424137056187,9.42560142933618e-05,8.46373575317391e-05,7.54743160945561e-05,6.68375224673307e-05,5.8779456476219e-05,5.13351523000598e-05,4.45233885468631e-05,3.8348257149246e-05,3.2801002562991e-05,2.78620246060391e-05,2.35029453545942e-05,1.96886517054869e-05,1.6379239297679e-05,1.35317992310307e-05,1.11020052764101e-05,9.04547503394966e-06],[1.28897355790431e-05,1.57107936498014e-05,1.90167504226969e-05,2.28590698772992e-05,2.72875704349673e-05,3.23485821639572e-05,3.80828723494522e-05,4.45233885468631e-05,5.16928871103578e-05,5.96015334692439e-05,6.82445767764334e-05,7.76002145479816e-05,8.76277711320385e-05,9.8266315997088e-05,0.000109433842871385,0.00012102711802836,0.000132922285304829,0.00014497628712514,0.000157029125846758,0.000168906949692739,0.000180425904476507,0.000191396648756564,0.000201629388747495,0.000210939253090302,0.000219151799132142,0.000226108423996155,0.00023167144717671,0.000235728637674578,0.000238196977936588,0.000239025488330347,0.000238196977936588,0.000235728637674578,0.00023167144717671,0.000226108423996155,0.000219151799132142,0.000210939253090302,0.000201629388747495,0.000191396648756564,0.000180425904476507,0.000168906949692739,0.000157029125846758,0.00014497628712514,0.000132922285304829,0.00012102711802836,0.000109433842871385,9.8266315997088e-05,8.76277711320385e-05,7.76002145479816e-05,6.82445767764334e-05,5.96015334692439e-05,5.16928871103578e-05,4.45233885468631e-05,3.80828723494522e-05,3.23485821639572e-05,2.72875704349673e-05,2.28590698772992e-05,1.90167504226969e-05,1.57107936498014e-05,1.28897355790431e-05,1.0502047015073e-05],[1.48617740170699e-05,1.81144340332153e-05,2.19261788256264e-05,2.6356345998996e-05,3.14623758410308e-05,3.72976865929657e-05,4.3909282646471e-05,5.13351523000598e-05,5.96015334692439e-05,6.87201468221652e-05,7.86855146657106e-05,8.94724988899932e-05,0.000101034200755928,0.00011330036779134,0.00012617644734453,0.00013954341165843,0.000153258455452311,0.000167156634352589,0.000181053472208294,0.000194748519149408,0.000208029792598302,0.000220678983211207,0.000232477260095017,0.000243211467879491,0.000252680475418874,0.000260701414717162,0.000267115541124499,0.00027179345309203,0.000274639431967723,0.000275594698595757,0.000274639431967723,0.00027179345309203,0.000267115541124499,0.000260701414717162,0.000252680475418874,0.000243211467879491,0.000232477260095017,0.000220678983211207,0.000208029792598302,0.000194748519149408,0.000181053472208294,0.000167156634352589,0.000153258455452311,0.00013954341165843,0.00012617644734453,0.00011330036779134,0.000101034200755928,8.94724988899932e-05,7.86855146657106e-05,6.87201468221652e-05,5.96015334692439e-05,5.13351523000598e-05,4.3909282646471e-05,3.72976865929657e-05,3.14623758410308e-05,2.6356345998996e-05,2.19261788256264e-05,1.81144340332153e-05,1.48617740170699e-05,1.21087859791647e-05],[1.70169359562755e-05,2.07412764770443e-05,2.51057767674959e-05,3.0178379202322e-05,3.60248537021319e-05,4.27063648889249e-05,5.02767334386039e-05,5.8779456476219e-05,6.82445767764334e-05,7.86855146657106e-05,9.00959981099861e-05,0.000102447243627186,0.000115685551515073,0.000129730481725344,0.000144473770169435,0.000159779128426005,0.000175483042481618,0.000191396648756564,0.000207308719517003,0.000222989736900759,0.000238196977936588,0.000252680475418874,0.000266189664960822,0.000278480480727496,0.000289322624786617,0.000298506710763929,0.000305850973848789,0.000311207247485378,0.000314465932498685,0.000315559725945668,0.000314465932498685,0.000311207247485378,0.000305850973848789,0.000298506710763929,0.000289322624786617,0.000278480480727496,0.000266189664960822,0.000252680475418874,0.000238196977936588,0.000222989736900759,0.000207308719517003,0.000191396648756564,0.000175483042481618,0.000159779128426005,0.000144473770169435,0.000129730481725344,0.000115685551515073,0.000102447243627186,9.00959981099861e-05,7.86855146657106e-05,6.82445767764334e-05,5.8779456476219e-05,5.02767334386039e-05,4.27063648889249e-05,3.60248537021319e-05,3.0178379202322e-05,2.51057767674959e-05,2.07412764770443e-05,1.70169359562755e-05,1.38647267330955e-05],[1.93497848991313e-05,2.35846946474647e-05,2.85475235626955e-05,3.43155282284531e-05,4.09634949529126e-05,4.85609734060124e-05,5.71691625312361e-05,6.68375224673307e-05,7.76002145479816e-05,8.94724988899932e-05,0.000102447243627186,0.000116491719354677,0.000131544864686908,0.000147515212062625,0.000164279655487224,0.000181683222782168,0.000199539983824891,0.000217635183758703,0.000235728637674578,0.000253559363144478,0.000270851362345075,0.000287320400107775,0.000302681562215334,0.000316657323887768,0.000328985815687258,0.000339428946496043,0.000347780033395578,0.000353870597701349,0.000357576015305525,0.000358819756715705,0.000357576015305525,0.000353870597701349,0.000347780033395578,0.000339428946496043,0.000328985815687258,0.000316657323887768,0.000302681562215334,0.000287320400107775,0.000270851362345075,0.000253559363144478,0.000235728637674578,0.000217635183758703,0.000199539983824891,0.000181683222782168,0.000164279655487224,0.000147515212062625,0.000131544864686908,0.000116491719354677,0.000102447243627186,8.94724988899932e-05,7.76002145479816e-05,6.68375224673307e-05,5.71691625312361e-05,4.85609734060124e-05,4.09634949529126e-05,3.43155282284531e-05,2.85475235626955e-05,2.35846946474647e-05,1.93497848991313e-05,1.57654398335851e-05],[2.18501782820052e-05,2.66323261710725e-05,3.22364554751534e-05,3.87498059302222e-05,4.62568277859949e-05,5.48360579717205e-05,6.45566036032019e-05,7.54743160945561e-05,8.76277711320385e-05,0.000101034200755928,0.000115685551515073,0.000131544864686908,0.000148543188488893,0.000166577235854486,0.000185507992942257,0.000205160461955206,0.000225324686744092,0.000245758161672284,0.000266189664960822,0.000286324489841087,0.000305850973848789,0.000324448152738576,0.00034179429546929,0.000357576015305525,0.000371497603848827,0.000383290203672741,0.000392720424140542,0.000399598015628657,0.000403782250010723,0.000405186708597256,0.000403782250010723,0.000399598015628657,0.000392720424140542,0.000383290203672741,0.000371497603848827,0.000357576015305525,0.00034179429546929,0.000324448152738576,0.000305850973848789,0.000286324489841087,0.000266189664960822,0.000245758161672284,0.000225324686744092,0.000205160461955206,0.000185507992942257,0.000166577235854486,0.000148543188488893,0.000131544864686908,0.000115685551515073,0.000101034200755928,8.76277711320385e-05,7.54743160945561e-05,6.45566036032019e-05,5.48360579717205e-05,4.62568277859949e-05,3.87498059302222e-05,3.22364554751534e-05,2.66323261710725e-05,2.18501782820052e-05,1.78026615207246e-05],[2.45029229422816e-05,2.98656526972564e-05,3.61501574149851e-05,4.3454268266477e-05,5.18726882758693e-05,6.14934892337295e-05,7.23941682804207e-05,8.46373575317391e-05,9.8266315997088e-05,0.00011330036779134,0.000129730481725344,0.000147515212062625,0.000166577235854486,0.000186800726355729,0.000208029792598302,0.000230068190987318,0.000252680475418874,0.000275594698595757,0.000298506710763929,0.00032108602595898,0.000342983143996156,0.000363838133616793,0.000383290203672741,0.000400987920371117,0.000416599674513718,0.000429823967745801,0.000440399074386536,0.000448111647349867,0.000452803873258186,0.000454378841667015,0.000452803873258186,0.000448111647349867,0.000440399074386536,0.000429823967745801,0.000416599674513718,0.000400987920371117,0.000383290203672741,0.000363838133616793,0.000342983143996156,0.00032108602595898,0.000298506710763929,0.000275594698595757,0.000252680475418874,0.000230068190987318,0.000208029792598302,0.000186800726355729,0.000166577235854486,0.000147515212062625,0.000129730481725344,0.00011330036779134,9.8266315997088e-05,8.46373575317391e-05,7.23941682804207e-05,6.14934892337295e-05,5.18726882758693e-05,4.3454268266477e-05,3.61501574149851e-05,2.98656526972564e-05,2.45029229422816e-05,1.99640130062044e-05],[2.72875704349673e-05,3.32597504176278e-05,4.02584609607684e-05,4.83926513099927e-05,5.77677870641453e-05,6.84819489784938e-05,8.06214413964486e-05,9.42560142933618e-05,0.000109433842871385,0.00012617644734453,0.000144473770169435,0.000164279655487224,0.000185507992942257,0.000208029792598302,0.00023167144717671,0.000256214410876621,0.000281396480198517,0.000306914802252365,0.00033243066202626,0.000357576015305525,0.000381961642774123,0.000405186708597256,0.00042684941932805,0.000446558402296434,0.000463944362403443,0.000478671537356126,0.000490448457521777,0.000499037529873165,0.000504263006248846,0.000506016962766197,0.000504263006248846,0.000499037529873165,0.000490448457521777,0.000478671537356126,0.000463944362403443,0.000446558402296434,0.00042684941932805,0.000405186708597256,0.000381961642774123,0.000357576015305525,0.00033243066202626,0.000306914802252365,0.000281396480198517,0.000256214410876621,0.00023167144717671,0.000208029792598302,0.000185507992942257,0.000164279655487224,0.000144473770169435,0.00012617644734453,0.000109433842871385,9.42560142933618e-05,8.06214413964486e-05,6.84819489784938e-05,5.77677870641453e-05,4.83926513099927e-05,4.02584609607684e-05,3.32597504176278e-05,2.72875704349673e-05,2.22328337053766e-05],[3.0178379202322e-05,3.67832439560669e-05,4.45233885468631e-05,5.35193041578842e-05,6.38876292726592e-05,7.5736835190675e-05,8.9162369222217e-05,0.00010424137056187,0.00012102711802836,0.00013954341165843,0.000159779128426005,0.000181683222782168,0.000205160461955206,0.000230068190987318,0.000256214410876621,0.000283357423371997,0.000311207247485378,0.000339428946496043,0.000367647922376107,0.000395457140798338,0.000422426149072188,0.000448111647349867,0.000472069276723363,0.000493866203024644,0.000513094008525181,0.000529381360723144,0.000542405912082214,0.00055190489928718,0.000557683955651099,0.000559623723979362,0.000557683955651099,0.00055190489928718,0.000542405912082214,0.000529381360723144,0.000513094008525181,0.000493866203024644,0.000472069276723363,0.000448111647349867,0.000422426149072188,0.000395457140798338,0.000367647922376107,0.000339428946496043,0.000311207247485378,0.000283357423371997,0.000256214410876621,0.000230068190987318,0.000205160461955206,0.000181683222782168,0.000159779128426005,0.00013954341165843,0.00012102711802836,0.00010424137056187,8.9162369222217e-05,7.5736835190675e-05,6.38876292726592e-05,5.35193041578842e-05,4.45233885468631e-05,3.67832439560669e-05,3.0178379202322e-05,2.45881504145653e-05],[3.3144465436485e-05,4.03984902492659e-05,4.88993760371714e-05,5.8779456476219e-05,7.01668338796569e-05,8.31806406638612e-05,9.79257051914008e-05,0.000114486748293424,0.000132922285304829,0.000153258455452311,0.000175483042481618,0.000199539983824891,0.000225324686744092,0.000252680475418874,0.000281396480198517,0.000311207247485378,0.00034179429546929,0.000372789768126945,0.000403782250010723,0.000434324701367435,0.000463944362403443,0.00049215436348322,0.000518466671821133,0.000542405912082214,0.000563523525144183,0.000581411682038166,0.000595716353255009,0.000606148949750197,0.000612496001479691,0.000614626420210262,0.000612496001479691,0.000606148949750197,0.000595716353255009,0.000581411682038166,0.000563523525144183,0.000542405912082214,0.000518466671821133,0.00049215436348322,0.000463944362403443,0.000434324701367435,0.000403782250010723,0.000372789768126945,0.00034179429546929,0.000311207247485378,0.000281396480198517,0.000252680475418874,0.000225324686744092,0.000199539983824891,0.000175483042481618,0.000153258455452311,0.000132922285304829,0.000114486748293424,9.79257051914008e-05,8.31806406638612e-05,7.01668338796569e-05,5.8779456476219e-05,4.88993760371714e-05,4.03984902492659e-05,3.3144465436485e-05,2.70048002279708e-05],[3.61501574149851e-05,4.40620104323993e-05,5.3333795490707e-05,6.41098468899587e-05,7.65298838480742e-05,9.07238422547564e-05,0.000106806056788768,0.000124868931154376,0.00014497628712514,0.000167156634352589,0.000191396648756564,0.000217635183758703,0.000245758161672284,0.000275594698595757,0.000306914802252365,0.000339428946496043,0.000372789768126945,0.000406596052252216,0.000440399074386536,0.00047371125516376,0.000506016962766197,0.000536785175989159,0.000565483604998067,0.000591593765244629,0.000614626420210262,0.000634136757126711,0.000649738641466932,0.00066111731360967,0.00066803994506927,0.00067036355993093,0.00066803994506927,0.00066111731360967,0.000649738641466932,0.000634136757126711,0.000614626420210262,0.000591593765244629,0.000565483604998067,0.000536785175989159,0.000506016962766197,0.00047371125516376,0.000440399074386536,0.000406596052252216,0.000372789768126945,0.000339428946496043,0.000306914802252365,0.000275594698595757,0.000245758161672284,0.000217635183758703,0.000191396648756564,0.000167156634352589,0.00014497628712514,0.000124868931154376,0.000106806056788768,9.07238422547564e-05,7.65298838480742e-05,6.41098468899587e-05,5.3333795490707e-05,4.40620104323993e-05,3.61501574149851e-05,2.94537192362364e-05],[3.91555593722571e-05,4.77251771200215e-05,5.77677870641453e-05,6.94397229707644e-05,8.28923198415467e-05,9.8266315997088e-05,0.000115685551515073,0.000135250112231564,0.000157029125846758,0.000181053472208294,0.000207308719517003,0.000235728637674578,0.000266189664960822,0.000298506710763929,0.00033243066202626,0.000367647922376107,0.000403782250010723,0.000440399074386536,0.000477012365580488,0.000513094008525181,0.00054808550351562,0.000581411682038166,0.000612496001479691,0.000640776872238212,0.000665724384323837,0.000686856744737517,0.000703755717032154,0.000716080373534971,0.000723578529186605,0.000726095321537729,0.000723578529186605,0.000716080373534971,0.000703755717032154,0.000686856744737517,0.000665724384323837,0.000640776872238212,0.000612496001479691,0.000581411682038166,0.00054808550351562,0.000513094008525181,0.000477012365580488,0.000440399074386536,0.000403782250010723,0.000367647922376107,0.00033243066202626,0.000298506710763929,0.000266189664960822,0.000235728637674578,0.000207308719517003,0.000181053472208294,0.000157029125846758,0.000135250112231564,0.000115685551515073,9.8266315997088e-05,8.28923198415467e-05,6.94397229707644e-05,5.77677870641453e-05,4.77251771200215e-05,3.91555593722571e-05,3.19024019466699e-05],[4.21173209837202e-05,5.13351523000597e-05,6.21373942629379e-05,7.46922058647048e-05,8.9162369222217e-05,0.000105699268228803,0.00012443611033664,0.000145480551964149,0.000168906949692739,0.000194748519149408,0.000222989736900759,0.000253559363144478,0.000286324489841087,0.00032108602595898,0.000357576015305525,0.000395457140798338,0.000434324701367435,0.00047371125516376,0.000513094008525181,0.00055190489928718,0.000589543182326414,0.000625390182867271,0.000658825748096529,0.000689245809271282,0.000716080373534971,0.000738811204634201,0.000756988430342091,0.000770245334911076,0.000778310657777834,0.000781017822558546,0.000778310657777834,0.000770245334911076,0.000756988430342091,0.000738811204634201,0.000716080373534971,0.000689245809271282,0.000658825748096529,0.000625390182867271,0.000589543182326414,0.00055190489928718,0.000513094008525181,0.00047371125516376,0.000434324701367435,0.000395457140798338,0.000357576015305525,0.00032108602595898,0.000286324489841087,0.000253559363144478,0.000222989736900759,0.000194748519149408,0.000168906949692739,0.000145480551964149,0.00012443611033664,0.000105699268228803,8.9162369222217e-05,7.46922058647048e-05,6.21373942629379e-05,5.13351523000597e-05,4.21173209837202e-05,3.4315528228453e-05],[4.49895978018586e-05,5.48360579717204e-05,6.63749809116695e-05,7.97859935603593e-05,9.5242979293932e-05,0.000112907645939844,0.000132922285304829,0.000155401895656881,0.000180425904476507,0.000208029792598302,0.000238196977936588,0.000270851362345075,0.000305850973848789,0.000342983143996156,0.000381961642774123,0.000422426149072188,0.000463944362403443,0.000506016962766197,0.00054808550351562,0.000589543182326414,0.00062974828503326,0.00066803994506927,0.000703755717032154,0.000736250336475995,0.000764914938715965,0.000789195945317777,0.000808612804098222,0.000822773790379538,0.000831389144429665,0.000834280929847704,0.000831389144429665,0.000822773790379538,0.000808612804098222,0.000789195945317777,0.000764914938715965,0.000736250336475995,0.000703755717032154,0.00066803994506927,0.00062974828503326,0.000589543182326414,0.00054808550351562,0.000506016962766197,0.000463944362403443,0.000422426149072188,0.000381961642774123,0.000342983143996156,0.000305850973848789,0.000270851362345075,0.000238196977936588,0.000208029792598302,0.000180425904476507,0.000155401895656881,0.000132922285304829,0.000112907645939844,9.5242979293932e-05,7.97859935603593e-05,6.63749809116695e-05,5.48360579717204e-05,4.49895978018586e-05,3.66557458379932e-05],[4.77251771200216e-05,5.81703484167626e-05,7.04108921866516e-05,8.46373575317392e-05,0.000101034200755928,0.000119772962283764,0.000141004585933616,0.000164851062409484,0.000191396648756564,0.000220678983211207,0.000252680475418874,0.000287320400107775,0.000324448152738576,0.000363838133616793,0.000405186708597256,0.000448111647349867,0.00049215436348322,0.000536785175989159,0.000581411682038166,0.000625390182867271,0.00066803994506927,0.000708659918279228,0.000746547377296177,0.000781017822558547,0.000811425367542667,0.000837182773639683,0.000857780268831626,0.000872802309736425,0.000881941517866377,0.000885009137449838,0.000881941517866377,0.000872802309736425,0.000857780268831626,0.000837182773639683,0.000811425367542667,0.000781017822558547,0.000746547377296177,0.000708659918279228,0.00066803994506927,0.000625390182867271,0.000581411682038166,0.000536785175989159,0.00049215436348322,0.000448111647349867,0.000405186708597256,0.000363838133616793,0.000324448152738576,0.000287320400107775,0.000252680475418874,0.000220678983211207,0.000191396648756564,0.000164851062409484,0.000141004585933616,0.000119772962283764,0.000101034200755928,8.46373575317392e-05,7.04108921866516e-05,5.81703484167626e-05,4.77251771200216e-05,3.88845877282426e-05],[5.0276733438604e-05,6.12803404380319e-05,7.41753068561679e-05,8.91623692222171e-05,0.000106435845524756,0.00012617644734453,0.000148543188488892,0.000173664581715198,0.000201629388747495,0.000232477260095017,0.000266189664960822,0.000302681562215334,0.00034179429546929,0.000383290203672741,0.00042684941932805,0.000472069276723363,0.000518466671821133,0.000565483604998067,0.000612496001479691,0.000658825748096529,0.000703755717032154,0.000746547377296177,0.000786460433519536,0.000822773790379538,0.000854807029980605,0.000881941517866376,0.000903640227808592,0.000919465400010154,0.000929093222445134,0.000932324847792503,0.000929093222445134,0.000919465400010154,0.000903640227808592,0.000881941517866376,0.000854807029980605,0.000822773790379538,0.000786460433519536,0.000746547377296177,0.000703755717032154,0.000658825748096529,0.000612496001479691,0.000565483604998067,0.000518466671821133,0.000472069276723363,0.00042684941932805,0.000383290203672741,0.00034179429546929,0.000302681562215334,0.000266189664960822,0.000232477260095017,0.000201629388747495,0.000173664581715198,0.000148543188488892,0.00012617644734453,0.000106435845524756,8.91623692222171e-05,7.41753068561679e-05,6.12803404380319e-05,5.0276733438604e-05,4.09634949529126e-05],[5.25981686758998e-05,6.41098468899587e-05,7.76002145479816e-05,9.32792768173774e-05,0.000111350323960676,0.000132002411581847,0.000155401895656881,0.000181683222782168,0.000210939253090302,0.000243211467879491,0.000278480480727496,0.000316657323887768,0.000357576015305525,0.000400987920371117,0.000446558402296434,0.000493866203024644,0.000542405912082214,0.000591593765244629,0.000640776872238212,0.000689245809271282,0.000736250336475995,0.000781017822558547,0.000822773790379538,0.00086076384937259,0.00089427616460345,0.000922663537313192,0.00094536414508008,0.000961920015357519,0.000971992384697803,0.000975373224372397,0.000971992384697803,0.000961920015357519,0.000945364145080